9222
7763
7764
7765
7766
7767
7768
7953
7772
7773
7774
7775
7779
7780
7781
7782
7783
7787
9063
9064
9278
9069
9070
9071
9072
9073
9074
9078
9087
9088
9089
9090
9094
9095
9096
9097
9098
9102
9103
9104
9105
9106
9110
9112
9282
9117
9118
9119
9120
9121
9122
9126
9223
9127
9128
9129
9133
9134
9135
9286
9140
9141
9142
9143
9144
9145
9149
9150
9151
9152
9153
9157
9158
9159
9160
9161
9165
9166
9167
9168
9169
9173
9214
9215
9298
9220
9221
9206
9207
9294
9212
9213
9174
9175
9176
9177
9181
9198
9304
9308
9204
9205
9182
9183
9184
9314
9189
9190
9191
9192
9193
9197
9465
9466
9467
9468
9472
9473
9474
9475
9476
9480
9481
9482
9483
9484
9488
9489
9490
9491
9492
9496
9663
9668
9672
9664
9673
9497
9502
9506
9498
9507
9508
9509
9510
9511
9515
9516
9517
9518
9519
9523
9524
9525
9526
9527
9531
9532
9533
9534
9535
9539
9540
9545
9549
9541
9550
9551
9552
9553
9554
9558
9559
9560
9561
9562
9566
9567
9568
9569
9570
9574
9575
9576
9577
9578
9582
9583
9584
9585
9586
9590
9591
9592
9593
9594
9598
9599
9600
9601
9602
9606
9607
9612
9616
9608
9617
9618
9619
9620
9621
9625
9626
9631
9635
9627
9636
9637
9638
9639
9640
9644
9645
9650
9654
9646
9655
9461
9656
9657
9658
9662
9683
9684
9685
9686
9687
9688
9689
9693
9988
9989
9993
9994
9998
9999
10000
10001
10002
10006
10007
10008
10009
10010
10014
10015
10016
10017
10018
10022
10023
10024
10028
10029
10033
